Class,Cost,Promotion,Before,After
Luxury,31.22,1467,223360,238333
Drink,82.56,1316,198980,219791
Luxury,10.43,1734,248095,266357
Drink,40.49,1002,215989,235013
Drink,20.22,1127,289011,305659
Meat,59.36,1884,234745,241302
Meat,71.14,1655,208719,216708
Drink,62.76,1108,192209,204458
Drink,98.29,1075,234269,248692
Drink,34.62,1644,110999,121988
Luxury,87.46,1105,136104,140323
Drink,92.76,1828,209199,239858
Luxury,66.48,1137,121856,126166
Meat,5.81,1446,206271,214172
Meat,92.98,1260,157496,159442
Luxury,34.76,1644,237554,248668
Meat,69.98,1398,228312,238146
Confection,80.32,1007,189862,198010
Luxury,20.43,1389,252244,267280
Meat,17.44,1084,270672,271425
Confection,51.98,1804,158056,174420
Drink,98.15,1706,223408,247907
Meat,43.2,1328,240856,246886
Luxury,104.04,1386,201316,209335
Luxury,82.61,1514,107453,115872
Meat,29.55,1121,112438,115378
Luxury,91.64,1711,124067,133714
Confection,77.47,1914,248176,274457
Confection,62.83,1001,278873,293738
Drink,47.66,1318,207945,227349
Drink,44.54,1938,171897,196179
Confection,100.52,1321,132432,143622
Drink,103.35,1904,244753,281376
Drink,76.19,1888,257938,288452
Confection,95.5,1910,162718,179439
Luxury,50.99,1461,204319,217183
Meat,78.51,1629,261662,274916
Meat,12.07,1741,209015,218376
Luxury,94.35,1502,172312,185333
Meat,31.85,1057,119684,122952
Meat,55.23,1702,134363,136178
Drink,23.11,1640,157917,177539
Meat,63.54,1790,112936,115417
Confection,56.39,1111,266555,277768
Confection,96.86,1867,229873,250799
Luxury,20.62,1494,253096,266191
Drink,89.57,1027,222385,240805
Meat,8.4,1073,141698,145853
Confection,42.13,1942,241530,271053
Meat,7.14,1395,146274,149755
Confection,89.39,1370,103053,110900
Meat,77.3,1748,277183,292041
Luxury,59.06,1419,103051,107359
Drink,99.02,1407,194009,209867
Confection,51.78,1358,110996,119521
Luxury,68.31,1969,116943,127046
Meat,73.81,1813,252595,260834
Drink,24.13,1104,209252,224288
Meat,53.79,1134,294995,298803
Luxury,87.58,1003,243342,253591
Confection,74.66,1768,246831,273722
Confection,94.47,1864,162917,182138
Confection,52.14,1429,285619,309960
Drink,102.41,1718,153732,170421
Luxury,90.87,1904,124992,135075
Drink,53.88,1902,235437,265308
Meat,49.6,1281,134283,140335
Luxury,76.33,1500,187018,200473
Luxury,46.58,1424,122945,129412
Confection,100.65,1062,218329,234425
Meat,36.44,1515,102319,104558
Meat,79.29,1912,200221,208137
Drink,89.77,1459,137249,147913
Confection,85.2,1357,265759,286063
Luxury,6.78,1973,200031,217314
Drink,72.86,1112,195039,208969
Luxury,96.1,1175,139218,143844
Meat,82.73,1254,196098,203082
Drink,50.07,1482,275759,303723
Luxury,70.28,1014,294411,308999
Drink,47.84,1622,138986,156883
Drink,40.87,1720,143492,161531
Luxury,17.41,1589,254945,275507
Luxury,71.73,1206,269078,279255
Luxury,87.83,1336,299568,318838
Drink,102.36,1003,159418,170286
Drink,63.03,1032,129192,138996
Luxury,74.42,1610,214147,232259
Drink,48.27,1690,200920,224928
Drink,102.66,1177,164253,179041
Luxury,60.65,1971,295327,312375
Luxury,57.76,1897,175651,189054
Luxury,54.76,1998,254007,273285
Meat,42.67,1429,248831,258635
Confection,94.93,1961,244466,269031
Drink,43.51,1655,127115,140712
Drink,5.1,1363,264860,290549
Meat,36.33,1097,126006,130690
Drink,27.81,1679,201073,223226
Drink,30.96,1295,296118,327974
Drink,23.26,1281,148642,159890
Luxury,33.29,1461,132218,137700
Luxury,39.99,1403,112024,116678
Confection,7.06,1725,240849,260154
Luxury,88.24,1992,193708,212726
Meat,16.6,1282,179053,186149
Confection,47.28,1235,185670,200578
Luxury,31.6,1756,276681,292297
Confection,38.02,1582,275671,299094
Confection,75.32,1089,254807,266671
Meat,92.04,1081,180900,183385
Confection,97.34,1270,252724,266896
Confection,48.44,1832,221461,242027
Drink,52.21,1219,276045,294558
Luxury,9.57,1375,246202,259885
Meat,65.19,1133,278390,289233
Drink,87.11,1824,123389,140228
Confection,66.36,1608,289168,310559
Drink,69.53,1559,108725,119573
Meat,74.34,1859,199958,210322
Luxury,42.33,1290,203210,215117
Confection,10.86,1328,221974,235791
Luxury,92.31,1304,213345,225195
Confection,27.44,1024,227134,236341
Drink,26.97,1711,226183,250797
Meat,25.46,1875,185218,194757
Confection,40.49,1491,211722,226661
Luxury,50.77,1431,109615,116207
Luxury,57.39,1173,265138,281502
Confection,44.24,1211,124176,130062
Confection,85.21,1937,201368,219437
Drink,29.34,1023,263649,282713
Luxury,7.37,1969,214533,229194
Confection,18.2,1552,220212,241252
Meat,47.58,1871,114706,119863
Meat,17.11,1547,248601,261394
Drink,36.96,1945,254523,287404
Meat,13.02,1906,242332,255199
Confection,15.11,1158,258135,276645
Confection,22.09,1971,193514,215051
Luxury,96.46,1606,265015,285233
Confection,81.61,1362,248754,270437
Confection,33.08,1281,201090,212165
Luxury,66.54,1641,173668,183210
Meat,5.25,1967,189737,198440
Luxury,11.86,1132,238466,251615
Luxury,70.97,1063,215105,222000
Drink,22.12,1205,137149,150448
Meat,5.75,1154,150296,153775
Luxury,49.23,1337,152790,158975
Confection,63.85,1145,262877,279085
Luxury,20.0,1266,181409,187901
Confection,92.3,1756,110245,122047
Drink,94.42,1545,226945,254180
Luxury,28.83,1214,137328,144476
Confection,36.09,1807,179823,194812
Luxury,15.1,1926,289139,313056
Meat,76.05,1065,291609,300936
Luxury,56.39,1976,150666,164859
Luxury,51.15,1347,158261,166644
Meat,59.05,1231,126606,128660
Meat,98.31,1982,224480,234126
Confection,76.86,1887,173449,191865
Meat,85.93,1858,221644,226072
Luxury,97.73,1258,196400,204322
Luxury,63.59,1946,151844,162334
Luxury,101.79,1627,223648,234518
Meat,11.38,1429,230508,234704
Luxury,22.27,1962,270473,288178
Drink,70.15,1714,200128,227041
Luxury,40.35,1325,205707,216417
Luxury,33.76,1681,227567,246813
Confection,45.24,1767,133029,146322
Confection,84.8,1436,197472,214659
Meat,90.75,1540,199609,202401
Meat,54.83,1928,214274,226299
Meat,79.59,1421,144593,147078
Drink,90.53,1697,125286,139851
Meat,6.66,1983,299935,317712
Luxury,6.97,1097,277388,284415
Meat,92.55,1595,156069,159337
Drink,9.17,1301,119814,129659
Meat,38.59,1997,204929,215520
Drink,63.37,1384,265529,292684
Luxury,34.52,1235,172806,178566
Luxury,99.05,1818,223698,236874
Drink,50.3,1783,155559,175344
Meat,23.16,1675,215749,221143
Drink,42.98,1663,168658,186671
Confection,27.64,1864,287535,312423
Meat,10.22,1373,224580,231769
Drink,71.59,1705,130086,146250
Meat,21.42,1431,250046,260799
Drink,19.25,1149,221449,242565
Meat,57.86,1361,155598,157111
Drink,15.17,1976,102134,118038
Confection,93.19,1918,170025,184252
Meat,77.64,1259,196643,198146
Drink,45.19,1377,152130,167631
Meat,91.83,1420,193601,197389
Luxury,30.49,1688,192341,208629
Luxury,83.7,1197,196970,204193
Luxury,53.07,1317,216667,225507
Luxury,56.08,1812,260872,277243
Luxury,58.19,1585,105496,112184
Luxury,68.09,1675,120491,126325
Meat,82.64,1314,239739,241721
Confection,39.16,1932,131575,144200
Luxury,32.81,1590,186812,198673
Confection,58.93,1151,231036,245438
Confection,21.74,1468,238973,258372
Confection,84.21,1486,131136,141551
Meat,96.37,1417,116490,118717
Meat,104.4,1615,159772,165531
Meat,86.31,1323,148161,154858
Meat,56.39,1762,159352,163677
Confection,5.32,1870,241676,269867
Meat,70.45,1133,256763,258044
Confection,36.79,1094,156318,164504
Confection,28.09,1051,116942,122157
Confection,34.46,1942,190519,211032
Luxury,13.43,1134,292529,308693
Confection,69.56,1638,196746,210176
Drink,39.05,1805,282120,320223
Drink,55.81,1666,236240,262398
Confection,27.77,1450,109613,118456
Meat,83.28,1190,186096,194016
Luxury,31.52,1554,237149,253658
Drink,92.56,1718,211188,235105
Confection,68.58,1102,224143,237397
Confection,20.37,1830,213433,235896
Meat,60.42,1573,144911,149123
Luxury,47.94,1768,170907,180940
Meat,49.37,1842,177391,181159
Meat,83.36,1717,279296,283680
Confection,78.5,1290,175461,190826
Drink,9.14,1580,208197,226180
Drink,14.69,1442,237342,265775
Confection,26.32,1060,184761,191941
Meat,96.49,1453,282600,290746
Meat,26.22,1866,217176,228833
Meat,87.74,1733,250247,261100
Drink,21.27,1849,170501,194474
Luxury,18.28,1047,130426,133604
Luxury,66.01,1888,207341,226801
Luxury,93.1,1391,242196,258655
Luxury,99.59,1329,105856,112628
Meat,51.02,1952,169907,178892
Luxury,41.02,1806,167634,177378
Confection,54.32,1480,170672,182674
Drink,68.39,1228,227887,245176
Drink,90.35,1362,265435,291604
Luxury,13.34,1782,280505,298047
Drink,66.63,1739,226120,248577
Confection,101.98,1730,230444,253142
Luxury,80.49,1947,271394,290476
Confection,73.57,1832,285968,320537
Confection,44.56,1623,283504,303005
Luxury,8.2,1207,103224,108693
Drink,49.43,1767,158722,178912
Luxury,94.68,1428,195671,204163
Meat,44.6,1089,103873,108037
Drink,69.9,1691,120840,133247
Drink,19.09,1937,291469,323925
Confection,60.96,1845,156954,174844
Drink,62.87,1138,285922,312295
Confection,61.29,1106,181876,189543
Drink,90.46,1041,253365,266405
Confection,71.92,1270,266913,287815
Luxury,7.79,1101,167556,176026
Luxury,39.37,1236,297956,307598
Luxury,103.77,1293,224381,236518
Confection,21.15,1646,136464,150633
Luxury,47.68,1681,277451,292047
Meat,10.34,1460,232800,241448
Drink,73.64,1456,107289,119369
Luxury,50.31,1278,204401,214735
Luxury,33.48,1742,136616,148199
Confection,71.01,1223,291295,315765
Meat,99.22,1504,204226,207036
Drink,77.95,1186,201464,215433
Drink,96.37,1846,209957,237040
Meat,25.17,1267,258548,261838
Meat,49.38,1034,243258,246052
Drink,103.47,1202,164396,178598
Meat,20.44,1541,207841,217199
Luxury,75.06,1604,288956,311662
Luxury,22.85,1433,154940,166566
Drink,86.02,1824,200012,224340
Confection,90.32,1406,137653,150791
Drink,87.7,1243,145264,156910
Luxury,83.35,1791,198882,212050
Confection,98.37,1817,199254,215445
Confection,13.9,1834,105365,117363
Confection,36.36,1669,187631,205850
Meat,69.8,1564,240307,247247
Drink,55.88,1566,101261,111588
Meat,19.9,1572,267094,277306
Luxury,16.94,1066,112688,117210
Confection,81.43,1990,176615,198500
Meat,20.35,1175,107426,108456
Confection,30.6,1013,130666,136114
Confection,39.37,1298,242605,255795
Meat,37.95,1251,113950,117167
Drink,78.94,1322,245459,270412
Luxury,9.45,1234,207178,220573
Meat,94.03,1631,164151,172868
Confection,14.74,1389,293755,317380
Confection,98.1,1858,283453,308873
Luxury,83.75,1783,212563,229265
Confection,93.15,1211,117758,123895
Drink,52.93,1969,169340,195464
Drink,52.44,1157,193944,206976
Meat,42.3,1220,219149,226607
Drink,87.21,1294,136581,148959
Meat,44.65,1493,232443,242577
Confection,28.67,1223,167974,179416
Confection,8.06,1405,157222,170398
Meat,56.37,1218,135563,137156
Confection,93.09,1564,189790,202850
Meat,104.48,1535,179153,186200
Luxury,85.77,1539,266592,285672
Confection,76.85,1132,150497,160871
Drink,47.74,1802,289662,322300
Drink,102.47,1654,297720,325153
Confection,84.69,1949,298151,330243
Confection,62.32,1469,127087,135483
Drink,14.5,1505,198455,222693
Luxury,19.03,1573,154611,165071
Luxury,16.16,1633,265438,286771
Drink,80.39,1181,260012,277804
Meat,40.85,1064,227243,232943
Drink,28.27,1815,155515,177315
Meat,66.33,1544,146202,152206
Luxury,43.9,1704,281990,297263
Drink,75.99,1129,108338,117322
Meat,60.91,1291,244941,247247
Meat,43.75,1630,133961,140272
Confection,77.41,1694,102836,112702
Drink,6.03,1521,121857,134393
Luxury,58.2,1896,220278,237371
Confection,102.11,1626,239570,256799
Drink,58.59,1501,198527,217011
Drink,64.12,1897,172281,192179
Drink,100.82,1862,195858,219186
Confection,37.82,1590,242778,263850
Confection,34.59,1391,150268,158592
Meat,15.59,1163,215020,215796
Meat,12.76,1863,217021,222141
Confection,62.69,1193,193795,204145
Meat,13.51,1530,133546,135789
Luxury,18.16,1640,232973,248933
Confection,40.28,1860,224172,248799
Meat,51.61,1758,264851,278904
Luxury,30.73,1704,157203,170120
Confection,57.05,1975,163093,182911
Confection,5.79,1710,166849,184130
Meat,65.17,1048,151761,154895
Drink,90.38,1800,252490,278417
Confection,55.15,1809,172946,192905
Drink,36.72,1512,267784,291076
Drink,47.36,1810,225486,255062
Meat,81.71,1030,212131,216977
Meat,58.18,1188,287279,293174
Drink,69.5,1710,236964,263636
Drink,98.17,1055,233695,250124
Drink,70.53,1910,279392,311897
Meat,94.84,1728,164575,172521
Drink,28.39,1947,235693,264337
Luxury,21.29,1107,152330,156769
Confection,65.56,1983,187135,206138
Confection,11.97,1529,223625,240645
Meat,79.45,1662,190657,198067
Luxury,46.77,1385,187167,194727
Luxury,59.9,1299,146884,157507
Drink,84.72,1840,120080,136139
Confection,59.41,1446,257987,280495
Drink,28.62,1945,125377,143128
Confection,47.39,1640,187889,202472
Drink,101.67,1472,173022,190653
Meat,79.58,1142,237317,242968
Luxury,17.54,1769,237091,250409
Confection,14.03,1495,246188,263354
Drink,25.02,1962,141523,162247
Luxury,104.76,1694,135851,144393
Meat,8.53,1802,126963,129240
Drink,104.42,1792,203665,225698
Confection,25.73,1486,151206,163315
Meat,7.17,1754,282423,287173
Confection,63.55,1745,135727,145824
Meat,63.09,1367,277120,284722
Luxury,93.7,1528,170811,182249
Drink,95.3,1027,191563,206280
Meat,9.19,1590,291768,300015
Luxury,50.99,1198,157326,165147
Drink,22.87,1288,238754,260308
Luxury,17.86,1379,177552,186162
Luxury,9.33,1911,212677,228883
Drink,36.84,1374,298093,322100
Meat,71.45,1848,239694,245834
