Class,Cost,Promotion,Before,After
Confection,23.99,1467,114957,122762
Drink,79.29,1745,123378,137097
Luxury,81.99,1426,135246,141172
Confection,74.18,1098,231389,244456
Confection,90.09,1968,235648,261940
Meat,69.85,1486,148885,156232
Meat,100.15,1248,123760,128441
Luxury,21.01,1364,251072,268134
Luxury,87.32,1585,287043,310857
Drink,26.58,1835,240805,272863
Drink,65.23,1194,212406,227836
Meat,79.82,1596,174022,181489
Confection,41.39,1161,270631,283189
Meat,36.82,1151,231281,235722
Meat,44.05,1482,178138,185934
Drink,84.62,1623,247885,278031
Confection,51.82,1969,148597,165598
Confection,90.08,1462,215102,228696
Luxury,57.3,1842,246885,270082
Drink,11.02,1370,164984,176802
Confection,95.86,1815,257882,284835
Confection,50.59,1753,251267,272476
Drink,70.98,1493,182614,198040
Meat,36.35,1016,238883,246089
Luxury,7.34,1889,274242,298699
Confection,5.08,1004,214546,227949
Drink,62.78,1872,126390,144556
Meat,74.84,1914,130948,133915
Confection,30.63,1368,126319,138184
Meat,85.31,1980,197040,206279
Luxury,63.46,1110,185443,190111
Confection,87.76,1251,126910,132835
Drink,49.54,1766,259693,294010
Meat,65.85,1770,259752,267969
Luxury,73.33,1254,172223,180541
Confection,68.58,1466,163430,175810
Meat,91.2,1038,250955,255620
Meat,36.62,1077,134139,136527
Drink,53.59,1251,293472,318083
Drink,103.14,1410,204656,226596
Confection,104.98,1427,171759,182724
Luxury,50.64,1255,273683,288495
Drink,92.77,1669,189279,208912
Luxury,104.77,1263,168790,179406
Meat,16.41,1069,102895,104393
Luxury,46.63,1100,255448,262870
Luxury,48.1,1176,122144,130159
Luxury,24.51,1195,204651,213504
Luxury,56.07,1346,198343,206831
Confection,46.69,1387,131644,139210
Confection,61.97,1766,116045,125501
Luxury,36.18,1785,118232,129107
Drink,63.48,1983,299340,346375
Meat,28.94,1161,131192,135335
Drink,53.3,1735,245495,279076
Confection,96.63,1179,149271,160588
Luxury,66.05,1904,298441,325011
Confection,75.22,1776,111284,122136
Luxury,83.96,1407,274606,290818
Confection,80.8,1009,297804,317847
Confection,32.96,1830,253583,274833
Drink,93.66,1682,158944,175888
Luxury,100.15,1615,246153,257373
Luxury,91.98,1056,200735,209459
Luxury,104.06,1632,252144,271478
Luxury,16.44,1967,142595,154246
Confection,48.85,1920,220636,244853
Luxury,46.87,1660,158395,168443
Luxury,93.79,1435,225010,235003
Luxury,72.35,1644,213617,231211
Luxury,69.19,1595,165342,175369
Drink,35.8,1891,111106,123773
Luxury,70.07,1464,110635,116088
Luxury,34.53,1689,257914,271184
Confection,58.87,1347,193406,208883
Drink,57.86,1456,165741,182991
Drink,8.25,1652,169104,186778
Drink,43.07,1834,297470,330302
Meat,15.57,1795,152878,160299
Drink,31.05,1370,272291,297623
Luxury,19.94,1986,246194,270784
Luxury,102.68,1103,241920,254108
Luxury,53.35,1695,165781,175177
Luxury,77.46,1364,250421,268876
Luxury,56.99,1613,187438,202747
Drink,55.37,1101,190106,201386
Luxury,94.06,1921,117173,128157
Luxury,83.41,1051,166040,174569
Confection,90.35,1687,202190,218174
Luxury,28.05,1055,281639,292167
Meat,33.74,1187,294216,301002
Luxury,34.62,1844,257857,272779
Luxury,64.01,1976,177682,192877
Luxury,55.26,1601,298469,312527
Drink,84.04,1523,175231,193938
Confection,26.33,1613,213948,235424
Meat,23.87,1208,143090,146014
Meat,76.77,1324,216438,222937
Meat,88.61,1508,168765,172789
Meat,48.5,1105,198315,200017
Luxury,21.68,1177,283596,301799
Luxury,10.26,1048,106849,109385
Luxury,14.5,1239,102650,106284
Luxury,45.96,1105,227452,238979
Luxury,93.92,1592,104452,109547
Confection,98.97,1873,188027,209473
Drink,18.6,1061,263071,285807
Drink,53.52,1351,296905,326594
Meat,15.72,1680,145039,152261
Drink,34.37,1966,226880,261517
Luxury,89.03,1045,183622,192566
Drink,6.19,1198,257835,277743
Drink,29.77,1535,242930,268981
Meat,53.77,1098,290463,291731
Meat,61.51,1212,184373,186989
Luxury,24.3,1032,243581,249930
Meat,50.21,1224,147958,154216
Drink,13.06,1936,247539,282522
Meat,10.83,1510,260932,263615
Drink,73.67,1433,246222,271703
Drink,41.56,1634,286270,318303
Luxury,34.27,1080,220144,227428
Confection,17.2,1543,123504,133701
Luxury,100.74,1093,243139,249297
Confection,72.61,1077,274397,293181
Drink,28.3,1850,185146,211763
Luxury,7.71,1042,185960,192427
Luxury,42.76,1474,273581,291697
Luxury,45.3,1640,183312,198221
Meat,92.54,1830,125812,128992
Drink,72.69,1099,104891,111359
Meat,12.92,1227,265222,270040
Meat,98.7,1286,152495,157320
Drink,83.54,1155,133367,144278
Drink,57.11,1137,268679,285646
Luxury,60.55,1355,210727,224596
Meat,87.84,1706,153991,160678
Drink,64.65,1547,258555,281459
Luxury,27.06,1642,236553,248394
Confection,6.21,1123,294314,311706
Meat,37.65,1922,106480,112059
Meat,28.71,1110,113208,116872
Meat,11.05,1634,127655,133218
Luxury,51.89,1730,168315,179511
Luxury,71.88,1636,139334,149565
Drink,95.66,1862,221802,251121
Confection,16.53,1898,160104,175394
Meat,66.17,1714,179743,187619
Confection,16.98,1335,206680,222797
Luxury,85.23,1030,123023,128471
Meat,21.18,1958,140051,144264
Drink,44.34,1125,146847,158774
Confection,81.02,1138,251463,262705
Meat,64.59,1087,221328,223213
Confection,39.42,1807,100751,110252
Confection,43.61,1432,285682,308379
Drink,7.58,1403,119511,132163
Meat,71.0,1541,188508,195179
Luxury,63.75,1378,291619,302498
Luxury,93.21,1189,286666,305821
Meat,104.68,1072,223593,226775
Meat,9.46,1473,115250,117515
Meat,81.17,1775,117296,122911
Confection,79.59,1452,141147,153205
Meat,48.68,1780,157486,162776
Luxury,25.4,1826,212701,224314
Drink,64.61,1249,226708,250289
Meat,6.54,1940,117961,120673
Luxury,63.16,1699,260033,282504
Meat,52.28,1449,264029,273153
Drink,39.3,1922,152134,175007
Confection,30.38,1948,289998,319282
Meat,72.88,1148,129211,134599
Drink,34.31,1878,225986,250421
Luxury,24.23,1268,298261,311353
Confection,70.1,1016,210763,226204
Confection,32.61,1935,286187,309994
Luxury,24.04,1881,180471,194682
Meat,48.49,1335,281253,290073
Meat,92.5,1338,140938,147304
Luxury,31.13,1466,189386,200986
Confection,55.08,1745,236090,262097
Meat,42.71,1722,217812,226895
Meat,72.39,1929,224947,235693
Luxury,70.05,1595,198550,210488
Confection,89.7,1317,179724,189888
Luxury,5.47,1311,164237,170605
Confection,27.7,1537,217516,236099
Meat,17.76,1222,288803,301035
Meat,41.55,1789,278084,283797
Meat,44.71,1737,105491,109336
Meat,29.66,1310,160234,164445
Luxury,38.34,1648,114713,124468
Confection,73.23,1240,229281,244242
Luxury,94.12,1618,294261,316668
Luxury,87.95,1206,208121,221053
Luxury,95.45,1678,224351,238264
Luxury,69.04,1926,264383,281239
Drink,104.56,1530,140021,157411
Confection,10.88,1162,206186,217102
